fight_0006_label_B1-0-0 1 43 161 421 473 545 627 689 761 905 998 1213 1252 1386 1457 1661 1774 1820
fight_0035_label_B1-0-0 695 794 921 1151 1393 1461
fight_0081_label_B1-0-0 8 870 1245 2877
fight_0112_label_B1-0-0 729 1272
fight_0114_label_B1-0-0 1294 2029
fight_0131_label_B1-0-0 609 682 718 876
fight_0140_label_B1-0-0 658 839 866 969 1083 1161 1201 1333
fight_0214_label_B1-0-0 84 4283
fight_0216_label_B1-0-0 693 2532 2741 2804
fight_0238_label_B1-0-0 507 1848
fight_0239_label_B1-0-0 6 1140
fight_0240_label_B1-0-0 1 454
fight_0242_label_B1-0-0 495 719
fight_0259_label_B1-0-0 47 542
fight_0268_label_B1-0-0 1 600
fight_0273_label_B1-0-0 1 1156
fight_0284_label_B1-0-0 1007 1453
fight_0286_label_B1-0-0 687 946
fight_0290_label_B1-0-0 123 1541
fight_0291_label_B1-0-0 1023 2356
fight_0299_label_B1-0-0 144 729 874 1025
fight_0300_label_B1-0-0 580 807
fight_0301_label_B1-0-0 56 273
fight_0303_label_B1-0-0 1 985 1359 1390
fight_0307_label_B1-0-0 392 576 628 696 912 1007
fight_0310_label_B1-0-0 49 168
fight_0311_label_B1-0-0 44 868
fight_0312_label_B1-0-0 62 104 434 672
fight_0320_label_B1-0-0 1 502 622 1391
fight_0330_label_B1-0-0 43 112
fight_0334_label_B1-0-0 55 316
fight_0338_label_B1-0-0 167 272
fight_0341_label_B1-0-0 175 239
fight_0352_label_B1-0-0 1 471
fight_0353_label_B1-0-0 129 1551
fight_0359_label_B1-0-0 50 74 85 280 341 402 467 572
fight_0373_label_B1-0-0 84 455
fight_0380_label_B1-0-0 34 191
fight_0384_label_B1-0-0 27 974
fight_0387_label_B1-0-0 423 743
fight_0388_label_B1-0-0 1 655 1250 1390
fight_0392_label_B1-0-0 121 839
fight_0395_label_B1-0-0 20 200 267 294 481 599
fight_0402_label_B1-0-0 16 82 134 191
fight_0412_label_B1-0-0 14 57 94 337 742 791
fight_0413_label_B1-0-0 621 929
fight_0415_label_B1-0-0 1 19 46 86 119 287
fight_0420_label_B1-0-0 1 300 361 430
fight_0421_label_B1-0-0 206 300
fight_0425_label_B1-0-0 28 46 171 258
fight_0426_label_B1-0-0 7 119
fight_0428_label_B1-0-0 1 1406 1586 2254
fight_0438_label_B1-0-0 10 215
fight_0447_label_B1-0-0 77 429
fight_0449_label_B1-0-0 18 312
fight_0463_label_B1-0-0 34 63 109 143 194 286
fight_0472_label_B1-0-0 1 935
fight_0475_label_B1-0-0 1038 1388
fight_0478_label_B1-0-0 1 1237
fight_0479_label_B1-0-0 561 702 720 1081 1157 1245 1322 1363 1389 2030 2258 2326
fight_0484_label_B1-0-0 178 1505
fight_0492_label_B1-0-0 438 571
fight_0494_label_B1-0-0 147 1708
fight_0496_label_B1-0-0 2 93 195 1252
fight_0502_label_B1-0-0 634 760
fight_0508_label_B1-0-0 811 838
fight_0536_label_B1-0-0 16 47 108 380
fight_0538_label_B1-0-0 240 302 337 383 410 477 546 1078
fight_0542_label_B1-0-0 939 975 1054 1145
fight_0560_label_B1-0-0 180 1080 1131 2506
fight_0568_label_B1-0-0 1 265 648 763
fight_0569_label_B1-0-0 161 1097
fight_0576_label_B1-0-0 169 237 317 370 634 701 811 885
fight_0579_label_B1-0-0 1 238 455 614 802 830
fight_0582_label_B1-0-0 209 744 801 902 1041 1055 1150 1181 1239 1274 1594 1630
fight_0587_label_B1-0-0 18 170
fight_0590_label_B1-0-0 36 56 104 124 206 227 282 338 365 426 534 564
fight_0591_label_B1-0-0 84 110 134 422
fight_0594_label_B1-0-0 191 400 867 999
fight_0617_label_B1-0-0 12 49 115 375
fight_0619_label_B1-0-0 22 59 84 263 303 527
fight_0621_label_B1-0-0 17 47 102 149 166 190 206 222 235 261
fight_0624_label_B1-0-0 29 181 217 472
fight_0625_label_B1-0-0 11 38 64 86 114 127
fight_0626_label_B1-0-0 1 45 74 84
fight_0627_label_B1-0-0 1 167 188 202
fight_0629_label_B1-0-0 1 279 334 394 466 520
fight_0633_label_B1-0-0 138 197
fight_0638_label_B1-0-0 38 58 111 130
fight_0645_label_B1-0-0 52 151 174 243 340 432
fight_0650_label_B1-0-0 2206 2556 2796 2966 3392 3746
fight_0651_label_B1-0-0 58 86 201 223 328 342 429 561
fight_0655_label_B1-0-0 121 327 360 419 450 529
fight_0665_label_B1-0-0 346 1077
fight_0666_label_B1-0-0 777 851 879 1039
fight_0671_label_B1-0-0 166 243 329 429 599 689
fight_0673_label_B1-0-0 861 1229
fight_0674_label_B1-0-0 175 1481 1650 2326
fight_0682_label_B1-0-0 525 606 649 792
fight_0695_label_B1-0-0 1 335
fight_0696_label_B1-0-0 3 14 204 677
fight_0698_label_B1-0-0 1 18
fight_0699_label_B1-0-0 9 430 456 498
fight_0712_label_B1-0-0 2 39 53 69 90 122
fight_0713_label_B1-0-0 1 35 51 210 225 257
fight_0717_label_B1-0-0 46 166 190 207 221 360
fight_0719_label_B1-0-0 30 43 95 121 203 223 236 282
fight_0721_label_B1-0-0 5 32 75 240
fight_0723_label_B1-0-0 2 84 102 118
fight_0726_label_B1-0-0 66 124 155 165 233 249 256 285
fight_0741_label_B1-0-0 283 305 438 622
fight_0745_label_B1-0-0 1 119
fight_0751_label_B1-0-0 80 92 121 289
fight_0754_label_B1-0-0 162 182 194 217
fight_0755_label_B1-0-0 60 81 91 133
fight_0757_label_B1-0-0 25 79
fight_0760_label_B1-0-0 222 270 581 838
fight_0766_label_B1-0-0 1 100 198 230
fight_0768_label_B1-0-0 36 62 174 189 230 251 303 482 530 626 670 714 800 830 881 1076 1112 1177
fight_0777_label_B1-0-0 1 237 262 328
fight_0778_label_B1-0-0 1 56 153 170 210 342
fight_0782_label_B1-0-0 7 26 39 82
fight_0783_label_B1-0-0 163 431
fight_0785_label_B1-0-0 1 64 209 226
fight_0786_label_B1-0-0 1 15 95 106 176 210 242 271
fight_0787_label_B1-0-0 83 106 133 158
fight_0789_label_B1-0-0 1 15 56 77
fight_0805_label_B1-0-0 120 254
fight_0812_label_B1-0-0 150 194
fight_0813_label_B1-0-0 86 193 280 393 477 558
fight_0817_label_B1-0-0 312 1083
fight_0820_label_B1-0-0 157 196 216 547
fight_0831_label_B1-0-0 916 1022 1083 2551
fight_0843_label_B1-0-0 9 785
fight_0845_label_B1-0-0 175 226 1377 1468 1525 1563
fight_0847_label_B1-0-0 1143 1554
fight_0849_label_B1-0-0 170 218 541 564 628 1093 1156 1189
fight_0850_label_B1-0-0 1 58 76 110 176 220 293 316 346 382 554 686
fight_0851_label_B1-0-0 1 56 66 124 138 161 220 232 400 541 553 571
fight_0854_label_B1-0-0 68 188 198 219
fight_0865_label_B1-0-0 22 273 287 321 377 413
fight_0868_label_B1-0-0 1 183 199 240 258 387
fight_0877_label_B1-0-0 753 1215
fight_0879_label_B1-0-0 68 229 285 306
fight_0882_label_B1-0-0 408 421 485 800
fight_0883_label_B1-0-0 376 477
fight_0887_label_B1-0-0 62 88 142 406
fight_0888_label_B1-0-0 155 414
fight_0893_label_B1-0-0 43 62 93 122 138 173 190 382 432 462 478 595 738 852 984 1011
fight_0896_label_B1-0-0 283 446 476 718
fight_0960_label_B1-0-0 807 826 876 901 963 1043
fight_0970_label_B1-0-0 12 65 193 318 361 398
fight_0976_label_B1-0-0 1 176 216 426 461 486 706 934 1238 1774
fight_0981_label_B1-0-0 1 437 498 597
fight_0983_label_B1-0-0 1 359
fight_0988_label_B1-0-0 1 338 386 434 492 595 870 1224 1298 1401 1480 1521 1928 2133
fight_1000_label_B1-0-0 153 321 336 388 400 541 559 665 676 867 890 986
